"gap_id","target_family","language_access_target","missing_source_type","known_locator_present","local_error_or_payload_present","transition_class","required_source_evidence","required_license_access_evidence","required_authority_ethics_evidence","b3_package_boundary","can_move_to_support_now","promotion_allowed","next_gate","blocked_before","source_csv"
"R6-GAP-AUTO-001","Creole/contact","Bislama","exact named-language math/STEM witness or source archive","False","False","post_capture_authority_reuse_review_required","exact official Bislama source capture now recorded in NOETHER_R6_BISLAMA_OFFICIAL_SOURCE_RETRY_ADDENDUM_20260705.csv where applicable; source archive remains absent; preserve language/topic tags and local hash provenance","public HTTP access and local hash recorded; reuse/license clearance remains blocked unless a dated source-owner/license return is separately recorded","named Bislama/Vanuatu source-owner or reviewer route required before source-authority, term, excerpt, translation, visual inventory, or pilot movement; no pan-creole inference","support metadata only; raw captures remain in local work tree and are not package payload instructions unless a separate gated source-canon package owns them","false","false","Record reviewer/source-owner and reuse/license return for Matematiks/Saens before source-authority reader or any term/excerpt movement.","no source-authority promotion, terms, excerpts, reuse, translation, visual inventory, or pilot","R6_CREOLE_CONTACT_EXACT_WITNESS_CAPTURE_PASS2_20260701T203000Z.csv"
"R6-GAP-AUTO-002","Creole/contact","Bislama","exact named-language math/STEM witness or source archive","False","False","post_capture_authority_reuse_review_required","exact official Bislama source capture now recorded in NOETHER_R6_BISLAMA_OFFICIAL_SOURCE_RETRY_ADDENDUM_20260705.csv where applicable; source archive remains absent; preserve language/topic tags and local hash provenance","public HTTP access and local hash recorded; reuse/license clearance remains blocked unless a dated source-owner/license return is separately recorded","named Bislama/Vanuatu source-owner or reviewer route required before source-authority, term, excerpt, translation, visual inventory, or pilot movement; no pan-creole inference","support metadata only; raw captures remain in local work tree and are not package payload instructions unless a separate gated source-canon package owns them","false","false","Use addendum rows for exact capture provenance; keep source-authority/reuse gates open.","no source-authority promotion, terms, excerpts, reuse, translation, visual inventory, or pilot","R6_CREOLE_CONTACT_EXACT_WITNESS_CAPTURE_PASS2_20260701T203000Z.csv"
"R6-CR-P2-001","Creole/contact","Bislama","exact named-language math/STEM witness or source archive","True","True","post_capture_authority_reuse_review_required","exact official Bislama source capture now recorded in NOETHER_R6_BISLAMA_OFFICIAL_SOURCE_RETRY_ADDENDUM_20260705.csv where applicable; source archive remains absent; preserve language/topic tags and local hash provenance","public HTTP access and local hash recorded; reuse/license clearance remains blocked unless a dated source-owner/license return is separately recorded","named Bislama/Vanuatu source-owner or reviewer route required before source-authority, term, excerpt, translation, visual inventory, or pilot movement; no pan-creole inference","support metadata only; raw captures remain in local work tree and are not package payload instructions unless a separate gated source-canon package owns them","false","false","Use addendum row R6-BISLAMA-RETRY-008 for route provenance; require reviewer/source-owner and reuse decision before source-authority use.","no accepted source-authority row, term row, excerpt, reuse, translation, constructed surface, or pilot","R6_CREOLE_CONTACT_EXACT_WITNESS_CAPTURE_PASS2_20260701T203000Z.csv"
"R6-CR-P2-001A","Creole/contact","Bislama","exact named-language math/STEM witness or source archive","True","True","post_capture_authority_reuse_review_required","exact official Bislama source capture now recorded in NOETHER_R6_BISLAMA_OFFICIAL_SOURCE_RETRY_ADDENDUM_20260705.csv where applicable; source archive remains absent; preserve language/topic tags and local hash provenance","public HTTP access and local hash recorded; reuse/license clearance remains blocked unless a dated source-owner/license return is separately recorded","named Bislama/Vanuatu source-owner or reviewer route required before source-authority, term, excerpt, translation, visual inventory, or pilot movement; no pan-creole inference","support metadata only; raw captures remain in local work tree and are not package payload instructions unless a separate gated source-canon package owns them","false","false","Use addendum row R6-BISLAMA-RETRY-007 for route provenance; require reviewer/source-owner and reuse decision before source-authority use.","no accepted source-authority row, term row, excerpt, reuse, translation, constructed surface, or pilot","R6_CREOLE_CONTACT_EXACT_WITNESS_CAPTURE_PASS2_20260701T203000Z.csv"
"R6-CR-P2-002","Creole/contact","Bislama","exact named-language math/STEM witness or source archive","True","True","exact_named_language_source_capture_required","named-language exact math/STEM source URL, local path, byte count, SHA-256, language/topic tags, and source-owner/reviewer route","license/access signal recorded; reuse or media permission remains blocked unless a dated source-owner/license return is separately recorded","named creole/contact language source-owner or reviewer route required; no pan-creole register or lexifier substitution","support metadata only until transition evidence is recorded; no raw source body, media, repository clone, source archive, OCR corpus, screenshot, transcript, caption, term/sign list, translation, or pilot payload","false","false","Resolve or retire the National Curriculum Updates policy/context PDF route separately; Matematiks/Saens captures are recorded in the 20260705 Bislama addendum but do not close this curriculum-update row.","no accepted source-authority row, term row, excerpt, reuse, translation, constructed surface, or pilot","R6_CREOLE_CONTACT_EXACT_WITNESS_CAPTURE_PASS2_20260701T203000Z.csv"
"R6-CR-P2-002A","Creole/contact","Bislama","exact named-language math/STEM witness or source archive","True","True","exact_named_language_source_capture_required","named-language exact math/STEM source URL, local path, byte count, SHA-256, language/topic tags, and source-owner/reviewer route","license/access signal recorded; reuse or media permission remains blocked unless a dated source-owner/license return is separately recorded","named creole/contact language source-owner or reviewer route required; no pan-creole register or lexifier substitution","support metadata only until transition evidence is recorded; no raw source body, media, repository clone, source archive, OCR corpus, screenshot, transcript, caption, term/sign list, translation, or pilot payload","false","false","Resolve or retire the National Curriculum Updates policy/context PDF route separately; Matematiks/Saens captures are recorded in the 20260705 Bislama addendum but do not close this curriculum-update row.","no accepted source-authority row, term row, excerpt, reuse, translation, constructed surface, or pilot","R6_CREOLE_CONTACT_EXACT_WITNESS_CAPTURE_PASS2_20260701T203000Z.csv"
"R6-CR-P2-003","Creole/contact","Bislama","exact named-language math/STEM witness or source archive","True","True","post_capture_authority_reuse_review_required","exact official Bislama source capture now recorded in NOETHER_R6_BISLAMA_OFFICIAL_SOURCE_RETRY_ADDENDUM_20260705.csv where applicable; source archive remains absent; preserve language/topic tags and local hash provenance","public HTTP access and local hash recorded; reuse/license clearance remains blocked unless a dated source-owner/license return is separately recorded","named Bislama/Vanuatu source-owner or reviewer route required before source-authority, term, excerpt, translation, visual inventory, or pilot movement; no pan-creole inference","support metadata only; raw captures remain in local work tree and are not package payload instructions unless a separate gated source-canon package owns them","false","false","Use addendum row R6-BISLAMA-RETRY-006 as language-reference provenance only; still require math/STEM authority for terms/excerpts.","no accepted source-authority row, term row, excerpt, reuse, translation, constructed surface, or pilot","R6_CREOLE_CONTACT_EXACT_WITNESS_CAPTURE_PASS2_20260701T203000Z.csv"
"R6-CR-P2-003A","Creole/contact","Bislama","exact named-language math/STEM witness or source archive","True","True","post_capture_authority_reuse_review_required","exact official Bislama source capture now recorded in NOETHER_R6_BISLAMA_OFFICIAL_SOURCE_RETRY_ADDENDUM_20260705.csv where applicable; source archive remains absent; preserve language/topic tags and local hash provenance","public HTTP access and local hash recorded; reuse/license clearance remains blocked unless a dated source-owner/license return is separately recorded","named Bislama/Vanuatu source-owner or reviewer route required before source-authority, term, excerpt, translation, visual inventory, or pilot movement; no pan-creole inference","support metadata only; raw captures remain in local work tree and are not package payload instructions unless a separate gated source-canon package owns them","false","false","Use addendum row R6-BISLAMA-RETRY-005 as language-reference provenance only; still require math/STEM authority for terms/excerpts.","no accepted source-authority row, term row, excerpt, reuse, translation, constructed surface, or pilot","R6_CREOLE_CONTACT_EXACT_WITNESS_CAPTURE_PASS2_20260701T203000Z.csv"
"R6-CR-P2-004","Creole/contact","Bislama","exact named-language math/STEM witness or source archive","True","True","post_capture_authority_reuse_review_required","exact official Bislama source capture now recorded in NOETHER_R6_BISLAMA_OFFICIAL_SOURCE_RETRY_ADDENDUM_20260705.csv where applicable; source archive remains absent; preserve language/topic tags and local hash provenance","public HTTP access and local hash recorded; reuse/license clearance remains blocked unless a dated source-owner/license return is separately recorded","named Bislama/Vanuatu source-owner or reviewer route required before source-authority, term, excerpt, translation, visual inventory, or pilot movement; no pan-creole inference","support metadata only; raw captures remain in local work tree and are not package payload instructions unless a separate gated source-canon package owns them","false","false","Use addendum rows R6-BISLAMA-RETRY-001/003 for exact PDF provenance; require reviewer/source-owner and reuse decision before source-authority use.","no accepted source-authority row, term row, excerpt, reuse, translation, constructed surface, or pilot","R6_CREOLE_CONTACT_EXACT_WITNESS_CAPTURE_PASS2_20260701T203000Z.csv"
"R6-CR-P2-005","Creole/contact","Bislama","exact named-language math/STEM witness or source archive","True","True","post_capture_authority_reuse_review_required","exact official Bislama source capture now recorded in NOETHER_R6_BISLAMA_OFFICIAL_SOURCE_RETRY_ADDENDUM_20260705.csv where applicable; source archive remains absent; preserve language/topic tags and local hash provenance","public HTTP access and local hash recorded; reuse/license clearance remains blocked unless a dated source-owner/license return is separately recorded","named Bislama/Vanuatu source-owner or reviewer route required before source-authority, term, excerpt, translation, visual inventory, or pilot movement; no pan-creole inference","support metadata only; raw captures remain in local work tree and are not package payload instructions unless a separate gated source-canon package owns them","false","false","Use addendum rows R6-BISLAMA-RETRY-002/004 for exact PDF provenance; require reviewer/source-owner and reuse decision before source-authority use.","no accepted source-authority row, term row, excerpt, reuse, translation, constructed surface, or pilot","R6_CREOLE_CONTACT_EXACT_WITNESS_CAPTURE_PASS2_20260701T203000Z.csv"
"R6-SRCARCH-GAP-002","Creole/contact","Bislama, Papiamento/Papiamentu, Mauritian/Seychellois/Indian Ocean Creoles, Sranan/Guyanas, Jamaican Creole/Patois, Nigerian Pidgin, Krio, Tok Pisin, others","named-language mathematical TeX/LaTeX/arXiv/e-print/source archive","False","False","source_archive_discovery_required","source archive URL or package URL, archive/source-file hash, license/access signal, target-language mathematical relevance, and non-payload package boundary","repository/package/archive license signal plus scope review; metadata-only until B3 and source-owner/reviewer gates permit any source-body payload","named creole/contact language source-owner or reviewer route required; no pan-creole register or lexifier substitution","support metadata only until transition evidence is recorded; no raw source body, media, repository clone, source archive, OCR corpus, screenshot, transcript, caption, term/sign list, translation, or pilot payload","false","false","Resolve exact named-language math/STEM witnesses and source-owner/reviewer routes.","no pan-creole register, lexifier substitution, terms, excerpts, translation, or pilot","R6_SOURCE_LOCATOR_SHELF_20260628T230952Z.md"
"R6-GAP-AUTO-003","Creole/contact","Cape Verdean Kriolu / Belize Kriol / other T0 creole rows","exact named-language math/STEM witness or source archive","False","False","exact_named_language_source_capture_required","named-language exact math/STEM source URL, local path, byte count, SHA-256, language/topic tags, and source-owner/reviewer route","license/access signal recorded; reuse or media permission remains blocked unless a dated source-owner/license return is separately recorded","named creole/contact language source-owner or reviewer route required; no pan-creole register or lexifier substitution","support metadata only until transition evidence is recorded; no raw source body, media, repository clone, source archive, OCR corpus, screenshot, transcript, caption, term/sign list, translation, or pilot payload","false","false","Build official/OER locator rows before download attempts; keep named languages separate.","no source-authority promotion, terms, excerpts, reuse, translation, visual inventory, or pilot","R6_CREOLE_CONTACT_EXACT_WITNESS_CAPTURE_PASS2_20260701T203000Z.csv"
"R6-GAP-AUTO-004","Creole/contact","Jamaican Creole / Jamaican Patois","exact named-language math/STEM witness or source archive","False","False","exact_named_language_source_capture_required","named-language exact math/STEM source URL, local path, byte count, SHA-256, language/topic tags, and source-owner/reviewer route","license/access signal recorded; reuse or media permission remains blocked unless a dated source-owner/license return is separately recorded","named creole/contact language source-owner or reviewer route required; no pan-creole register or lexifier substitution","support metadata only until transition evidence is recorded; no raw source body, media, repository clone, source archive, OCR corpus, screenshot, transcript, caption, term/sign list, translation, or pilot payload","false","false","Find Jamaican Creole/Patois math/numeracy/literacy-STEM source or reviewer route; English curriculum remains comparator only.","no source-authority promotion, terms, excerpts, reuse, translation, visual inventory, or pilot","R6_CREOLE_CONTACT_EXACT_WITNESS_CAPTURE_PASS2_20260701T203000Z.csv"
"R6-GAP-AUTO-005","Creole/contact","Jamaican Creole/Patois","exact named-language math/STEM witness or source archive","False","False","exact_named_language_source_capture_required","named-language exact math/STEM source URL, local path, byte count, SHA-256, language/topic tags, and source-owner/reviewer route","license/access signal recorded; reuse or media permission remains blocked unless a dated source-owner/license return is separately recorded","named creole/contact language source-owner or reviewer route required; no pan-creole register or lexifier substitution","support metadata only until transition evidence is recorded; no raw source body, media, repository clone, source archive, OCR corpus, screenshot, transcript, caption, term/sign list, translation, or pilot payload","false","false","Find Patois STEM/numeracy witness or reviewer route.","no source-authority promotion, terms, excerpts, reuse, translation, visual inventory, or pilot","R6_CREOLE_CONTACT_EXACT_WITNESS_CAPTURE_PASS2_20260701T203000Z.csv"
"R6-GAP-AUTO-006","Creole/contact","Kreyol/Haitian Creole","exact named-language math/STEM witness or source archive","True","False","exact_named_language_source_capture_required","MIT-Ayiti exact route captures and MENFP/context captures now recorded in NOETHER_R6_KREYOL_MIT_AYITI_MENFP_SOURCE_ROUTE_ADDENDUM_20260705.csv; exact MENFP-hosted Kreyol mathematics textbook/body or source-owner/reviewer return still required before movement","license/access signal recorded; reuse or media permission remains blocked unless a dated source-owner/license return is separately recorded","named creole/contact language source-owner or reviewer route required; no pan-creole register or lexifier substitution","support metadata only until transition evidence is recorded; no raw source body, media, repository clone, source archive, OCR corpus, screenshot, transcript, caption, term/sign list, translation, or pilot payload","false","false","Use Kreyol addendum for provenance; require source-owner/reviewer and reuse returns before any terms, excerpts, translation, or support movement.","no source-authority promotion, terms, excerpts, reuse, translation, visual inventory, or pilot","R6_CREOLE_CONTACT_EXACT_WITNESS_CAPTURE_PASS2_20260701T203000Z.csv"
"R6-GAP-AUTO-007","Creole/contact","Krio","exact named-language math/STEM witness or source archive","False","False","exact_named_language_source_capture_required","named-language exact math/STEM source URL, local path, byte count, SHA-256, language/topic tags, and source-owner/reviewer route","license/access signal recorded; reuse or media permission remains blocked unless a dated source-owner/license return is separately recorded","named creole/contact language source-owner or reviewer route required; no pan-creole register or lexifier substitution","support metadata only until transition evidence is recorded; no raw source body, media, repository clone, source archive, OCR corpus, screenshot, transcript, caption, term/sign list, translation, or pilot payload","false","false","Find Krio/local-language STEM or education-language policy witness before any Krio packet work.","no source-authority promotion, terms, excerpts, reuse, translation, visual inventory, or pilot","R6_CREOLE_CONTACT_EXACT_WITNESS_CAPTURE_PASS2_20260701T203000Z.csv"
"R6-CR-P2-019","Creole/contact","Krio","exact named-language math/STEM witness or source archive","True","True","exact_named_language_source_capture_required","named-language exact math/STEM source URL, local path, byte count, SHA-256, language/topic tags, and source-owner/reviewer route","license/access signal recorded; reuse or media permission remains blocked unless a dated source-owner/license return is separately recorded","named creole/contact language source-owner or reviewer route required; no pan-creole register or lexifier substitution","support metadata only until transition evidence is recorded; no raw source body, media, repository clone, source archive, OCR corpus, screenshot, transcript, caption, term/sign list, translation, or pilot payload","false","false","Resolve Sierra Leone/Krio source route; no exact Krio witness captured.","no accepted source-authority row, term row, excerpt, reuse, translation, constructed surface, or pilot","R6_CREOLE_CONTACT_EXACT_WITNESS_CAPTURE_PASS2_20260701T203000Z.csv"
"R6-GAP-AUTO-008","Creole/contact","Mauritian/Seychellois/Indian Ocean Creoles","exact named-language math/STEM witness or source archive","False","False","exact_named_language_source_capture_required","named-language exact math/STEM source URL, local path, byte count, SHA-256, language/topic tags, and source-owner/reviewer route","license/access signal recorded; reuse or media permission remains blocked unless a dated source-owner/license return is separately recorded","named creole/contact language source-owner or reviewer route required; no pan-creole register or lexifier substitution","support metadata only until transition evidence is recorded; no raw source body, media, repository clone, source archive, OCR corpus, screenshot, transcript, caption, term/sign list, translation, or pilot payload","false","false","Extract exact MIE Kreol resource rows; keep Mauritius/Seychelles/Rodrigues separate.","no source-authority promotion, terms, excerpts, reuse, translation, visual inventory, or pilot","R6_CREOLE_CONTACT_EXACT_WITNESS_CAPTURE_PASS2_20260701T203000Z.csv"
"R6-GAP-AUTO-009","Creole/contact","Mauritian/Seychellois/Indian Ocean Creoles","exact named-language math/STEM witness or source archive","False","False","exact_named_language_source_capture_required","named-language exact math/STEM source URL, local path, byte count, SHA-256, language/topic tags, and source-owner/reviewer route","license/access signal recorded; reuse or media permission remains blocked unless a dated source-owner/license return is separately recorded","named creole/contact language source-owner or reviewer route required; no pan-creole register or lexifier substitution","support metadata only until transition evidence is recorded; no raw source body, media, repository clone, source archive, OCR corpus, screenshot, transcript, caption, term/sign list, translation, or pilot payload","false","false","Parse MIE curriculum_books links and identify Kreol Morisien/Kreol Rodrige textbook/practice-paper rows before any term work.","no source-authority promotion, terms, excerpts, reuse, translation, visual inventory, or pilot","R6_CREOLE_CONTACT_EXACT_WITNESS_CAPTURE_PASS2_20260701T203000Z.csv"
"R6-GAP-AUTO-010","Creole/contact","Nigerian Pidgin","exact named-language math/STEM witness or source archive","False","False","exact_named_language_source_capture_required","named-language exact math/STEM source URL, local path, byte count, SHA-256, language/topic tags, and source-owner/reviewer route","license/access signal recorded; reuse or media permission remains blocked unless a dated source-owner/license return is separately recorded","named creole/contact language source-owner or reviewer route required; no pan-creole register or lexifier substitution","support metadata only until transition evidence is recorded; no raw source body, media, repository clone, source archive, OCR corpus, screenshot, transcript, caption, term/sign list, translation, or pilot payload","false","false","Resolve Nigerian Pidgin official/OER education source or keep lane at T0/T1.","no source-authority promotion, terms, excerpts, reuse, translation, visual inventory, or pilot","R6_CREOLE_CONTACT_EXACT_WITNESS_CAPTURE_PASS2_20260701T203000Z.csv"
"R6-CR-P2-017","Creole/contact","Nigerian Pidgin","exact named-language math/STEM witness or source archive","True","True","exact_named_language_source_capture_required","named-language exact math/STEM source URL, local path, byte count, SHA-256, language/topic tags, and source-owner/reviewer route","license/access signal recorded; reuse or media permission remains blocked unless a dated source-owner/license return is separately recorded","named creole/contact language source-owner or reviewer route required; no pan-creole register or lexifier substitution","support metadata only until transition evidence is recorded; no raw source body, media, repository clone, source archive, OCR corpus, screenshot, transcript, caption, term/sign list, translation, or pilot payload","false","false","Use NERDC math as English comparator only and keep Nigerian Pidgin source row open.","no accepted source-authority row, term row, excerpt, reuse, translation, constructed surface, or pilot","R6_CREOLE_CONTACT_EXACT_WITNESS_CAPTURE_PASS2_20260701T203000Z.csv"
"R6-GAP-AUTO-011","Creole/contact","Nigerian Pidgin/Krio/Tok Pisin/Cape Verdean/Belize","exact named-language math/STEM witness or source archive","False","False","exact_named_language_source_capture_required","named-language exact math/STEM source URL, local path, byte count, SHA-256, language/topic tags, and source-owner/reviewer route","license/access signal recorded; reuse or media permission remains blocked unless a dated source-owner/license return is separately recorded","named creole/contact language source-owner or reviewer route required; no pan-creole register or lexifier substitution","support metadata only until transition evidence is recorded; no raw source body, media, repository clone, source archive, OCR corpus, screenshot, transcript, caption, term/sign list, translation, or pilot payload","false","false","Continue locator discovery before any bridge-register construction.","no source-authority promotion, terms, excerpts, reuse, translation, visual inventory, or pilot","R6_CREOLE_CONTACT_EXACT_WITNESS_CAPTURE_PASS2_20260701T203000Z.csv"
"R6-GAP-AUTO-012","Creole/contact","Papiamento/Papiamentu","exact named-language math/STEM witness or source archive","False","False","exact_named_language_source_capture_required","named-language exact math/STEM source URL, local path, byte count, SHA-256, language/topic tags, and source-owner/reviewer route","license/access signal recorded; reuse or media permission remains blocked unless a dated source-owner/license return is separately recorded","named creole/contact language source-owner or reviewer route required; no pan-creole register or lexifier substitution","support metadata only until transition evidence is recorded; no raw source body, media, repository clone, source archive, OCR corpus, screenshot, transcript, caption, term/sign list, translation, or pilot payload","false","false","Use the 20260705 Aruba route retry addendum as blocker/provenance metadata; still resolve official source-body access and split Aruba Papiamento vs Curacao Papiamentu before any concept or support row.","no source-authority promotion, terms, excerpts, reuse, translation, visual inventory, or pilot","R6_CREOLE_CONTACT_EXACT_WITNESS_CAPTURE_PASS2_20260701T203000Z.csv"
"R6-GAP-AUTO-013","Creole/contact","Papiamento/Papiamentu - Aruba","exact named-language math/STEM witness or source archive","False","False","exact_named_language_source_capture_required","named-language exact math/STEM source URL, local path, byte count, SHA-256, language/topic tags, and source-owner/reviewer route","license/access signal recorded; reuse or media permission remains blocked unless a dated source-owner/license return is separately recorded","named creole/contact language source-owner or reviewer route required; no pan-creole register or lexifier substitution","support metadata only until transition evidence is recorded; no raw source body, media, repository clone, source archive, OCR corpus, screenshot, transcript, caption, term/sign list, translation, or pilot payload","false","false","Use the 20260705 Aruba route retry addendum as blocker/provenance metadata; still resolve official source-body access and split Aruba Papiamento vs Curacao Papiamentu before any concept or support row.","no source-authority promotion, terms, excerpts, reuse, translation, visual inventory, or pilot","R6_CREOLE_CONTACT_EXACT_WITNESS_CAPTURE_PASS2_20260701T203000Z.csv"
"R6-CR-P2-006","Creole/contact","Papiamento/Papiamentu - Aruba","exact named-language math/STEM witness or source archive","True","True","url_access_repair_required","EA.AW PDF source-body access that yields PDF bytes, local path, byte count, SHA-256, language/topic tags, and source-owner/reviewer route; or source-owner confirmation that the catalog route moved or is intentionally blocked","public search visibility is not reuse/license clearance; reuse or media permission remains blocked unless a dated source-owner/license return is separately recorded","Aruba Papiamento source-owner or qualified reviewer route required; do not infer Curacao Papiamentu, pan-creole register, source authority, or orthography scope from search visibility","support metadata only; retry addendum records route/probe metadata but no PDF body, media, screenshot, OCR corpus, transcript, caption, term/sign list, translation, or pilot payload","false","false","Resolve EA.AW PDF source-body access through allowed browser/manual stack, source-owner route, archive route, or official mirror; if captured later, record full provenance and reviewer/source-owner plus reuse gates before support movement.","no accepted source-authority row, term row, excerpt, reuse, translation, constructed surface, or pilot","R6_CREOLE_CONTACT_EXACT_WITNESS_CAPTURE_PASS2_20260701T203000Z.csv"
"R6-CR-P2-007","Creole/contact","Papiamento/Papiamentu - Aruba","exact named-language math/STEM witness or source archive","True","True","url_access_repair_required","EA.AW PDF source-body access that yields PDF bytes, local path, byte count, SHA-256, language/topic tags, and source-owner/reviewer route; or source-owner confirmation that the catalog route moved or is intentionally blocked","public search visibility is not reuse/license clearance; reuse or media permission remains blocked unless a dated source-owner/license return is separately recorded","Aruba Papiamento source-owner or qualified reviewer route required; do not infer Curacao Papiamentu, pan-creole register, source authority, or orthography scope from search visibility","support metadata only; retry addendum records route/probe metadata but no PDF body, media, screenshot, OCR corpus, transcript, caption, term/sign list, translation, or pilot payload","false","false","Resolve EA.AW PDF source-body access through allowed browser/manual stack, source-owner route, archive route, or official mirror; if captured later, record full provenance and reviewer/source-owner plus reuse gates before support movement.","no accepted source-authority row, term row, excerpt, reuse, translation, constructed surface, or pilot","R6_CREOLE_CONTACT_EXACT_WITNESS_CAPTURE_PASS2_20260701T203000Z.csv"
"R6-GAP-AUTO-014","Creole/contact","Sranan / Saramaccan / Ndyuka / Guyanese Creole","exact named-language math/STEM witness or source archive","False","False","exact_named_language_source_capture_required","named-language exact math/STEM source URL, local path, byte count, SHA-256, language/topic tags, and source-owner/reviewer route","license/access signal recorded; reuse or media permission remains blocked unless a dated source-owner/license return is separately recorded","named creole/contact language source-owner or reviewer route required; no pan-creole register or lexifier substitution","support metadata only until transition evidence is recorded; no raw source body, media, repository clone, source archive, OCR corpus, screenshot, transcript, caption, term/sign list, translation, or pilot payload","false","false","Find Suriname/Sranan or related named-language math/STEM source; keep Saramaccan/Ndyuka/Guyanese separate.","no source-authority promotion, terms, excerpts, reuse, translation, visual inventory, or pilot","R6_CREOLE_CONTACT_EXACT_WITNESS_CAPTURE_PASS2_20260701T203000Z.csv"
"R6-GAP-AUTO-015","Creole/contact","Sranan/Saramaccan/Ndyuka/Guyanese","exact named-language math/STEM witness or source archive","False","False","exact_named_language_source_capture_required","named-language exact math/STEM source URL, local path, byte count, SHA-256, language/topic tags, and source-owner/reviewer route","license/access signal recorded; reuse or media permission remains blocked unless a dated source-owner/license return is separately recorded","named creole/contact language source-owner or reviewer route required; no pan-creole register or lexifier substitution","support metadata only until transition evidence is recorded; no raw source body, media, repository clone, source archive, OCR corpus, screenshot, transcript, caption, term/sign list, translation, or pilot payload","false","false","Find language-specific STEM sources; keep each named language separate.","no source-authority promotion, terms, excerpts, reuse, translation, visual inventory, or pilot","R6_CREOLE_CONTACT_EXACT_WITNESS_CAPTURE_PASS2_20260701T203000Z.csv"
"R6-GAP-AUTO-016","Creole/contact","Tok Pisin","exact named-language math/STEM witness or source archive","False","False","exact_named_language_source_capture_required","named-language exact math/STEM source URL, local path, byte count, SHA-256, language/topic tags, and source-owner/reviewer route","license/access signal recorded; reuse or media permission remains blocked unless a dated source-owner/license return is separately recorded","named creole/contact language source-owner or reviewer route required; no pan-creole register or lexifier substitution","support metadata only until transition evidence is recorded; no raw source body, media, repository clone, source archive, OCR corpus, screenshot, transcript, caption, term/sign list, translation, or pilot payload","false","false","Search PNG official/OER source shelves for Tok Pisin math/STEM or policy evidence; English is comparator only.","no source-authority promotion, terms, excerpts, reuse, translation, visual inventory, or pilot","R6_CREOLE_CONTACT_EXACT_WITNESS_CAPTURE_PASS2_20260701T203000Z.csv"
"R6-GAP-002","Current gap retry","Bislama/Vanuatu","exact source canon witness or validated source archive","False","False","post_capture_authority_reuse_review_required","exact official Bislama source capture now recorded in NOETHER_R6_BISLAMA_OFFICIAL_SOURCE_RETRY_ADDENDUM_20260705.csv where applicable; source archive remains absent; preserve language/topic tags and local hash provenance","public HTTP access and local hash recorded; reuse/license clearance remains blocked unless a dated source-owner/license return is separately recorded","named Bislama/Vanuatu source-owner or reviewer route required before source-authority, term, excerpt, translation, visual inventory, or pilot movement; no pan-creole inference","support metadata only; raw captures remain in local work tree and are not package payload instructions unless a separate gated source-canon package owns them","false","false","Use Bislama official source retry addendum for capture provenance; keep no source-authority promotion until dated reviewer/source-owner and reuse evidence lands.","No Bislama term or source authority promoted.","R6_CURRENT_GAP_RETRY_SOURCE_CAPTURE_REFRESH_20260702T012500Z.csv"
"R6-GAP-001","Current gap retry","Ecuador EIB","exact source canon witness or validated source archive","True","True","url_access_repair_required","Exact official CNIB page and KICHWA_CNIB_2017 PDF route metadata now recorded in NOETHER_R6_ECUADOR_EIB_KICHWA_CNIB_ROUTE_RETRY_ADDENDUM_20260705.csv; source body still missing; capture exact source body or record source-owner route before movement.","Public official MinEduc route visibility recorded; reuse/license clearance remains blocked unless a dated source-owner/license return is separately recorded.","Ecuador EIB/Kichwa source-owner or qualified education reviewer route required; no generalized Indigenous Americas or cross-CNIB language inference.","support metadata only; raw source body is not captured and no media repository clone OCR corpus screenshot transcript caption term/sign list translation or pilot payload is allowed by R6","false","false","Resolve official CNIB page/PDF source-body access or source-owner route; if captured later record local path bytes SHA-256 language/level/topic tags and license/access signal before source-authority, term, excerpt, OCR reuse, translation, visual inventory, pilot, or package movement.","no source authority, reviewer approval, community consent, canonical approval, license clearance, terms, excerpts, OCR reuse, translation, visual inventory, pilot, completion, or Git push","R6_CURRENT_GAP_RETRY_SOURCE_CAPTURE_REFRESH_20260702T012500Z.csv"
"R6-GAP-003","Current gap retry","Guarani/Paraguay","exact source canon witness or validated source archive","True","True","url_access_repair_required","repair official MEC page or direct PDF access, then record exact source URL, local path, byte count, SHA-256, language/topic tags, and source-owner/reviewer route; route metadata alone is not source-body capture","license/access signal recorded; reuse or media permission remains blocked unless a dated source-owner/license return is separately recorded","Paraguay Guarani/source-owner or qualified adult-education reviewer route required; no generalized Indigenous Americas or Guarani-register inference","support metadata only; no raw source body, source archive, media, OCR corpus, screenshot, transcript, caption, term/sign list, translation, visual inventory, pilot, or package payload instruction","false","false","Resolve MEC page/direct file links through allowed browser/API/source-owner/manual route; if captured later, record exact URL, local path, byte count, SHA-256, language/topic tags, source-owner/reviewer route, and reuse/license signal before support movement.","No PRODEPA material excerpted or translated.","R6_CURRENT_GAP_RETRY_SOURCE_CAPTURE_REFRESH_20260702T012500Z.csv"
"R6-GAP-006","Current gap retry","Krio/Sierra Leone","exact source canon witness or validated source archive","False","False","current_gap_retry_required","successful exact source capture or updated failure payload hash, with locator provenance preserved and no source-body package payload by R6","license/access signal recorded; reuse or media permission remains blocked unless a dated source-owner/license return is separately recorded","named language/access community source-owner or qualified reviewer route required before source-authority movement; no family-wide or interlanguage inference","support metadata only until transition evidence is recorded; no raw source body, media, repository clone, source archive, OCR corpus, screenshot, transcript, caption, term/sign list, translation, or pilot payload","false","false","Retry via browser/manual stack; classify as national curriculum context, not Krio STEM witness until language-specific evidence exists.","No Krio term/source authority promoted.","R6_CURRENT_GAP_RETRY_SOURCE_CAPTURE_REFRESH_20260702T012500Z.csv"
"R6-GAP-008","Current gap retry","Mexico CONALITEG Indigenous books","exact source canon witness or validated source archive","True","True","url_access_repair_required","Official CONALITEG catalogue route metadata now recorded in NOETHER_R6_MEXICO_CONALITEG_INDIGENOUS_ROUTE_RETRY_ADDENDUM_20260705.csv; linked book/viewer/PDF source bodies still missing or returned 404/error; capture exact source body or record source-owner route before movement.","Public official CONALITEG catalogue visibility and local catalogue hashes recorded; reuse/license clearance remains blocked unless a dated source-owner/license return is separately recorded.","Named language/source-owner or qualified Mexico Indigenous-language education reviewer route required; keep Nahuatl Hnahnu/Otomi Maya and Nanahuatzin separate; no generalized Indigenous Americas inference.","support metadata only; raw linked book source body is not captured and no media repository clone OCR corpus screenshot transcript caption term/sign list translation or pilot payload is allowed by R6","false","false","Resolve exact linked CONALITEG book/viewer/source-body access or source-owner route; if captured later record local path bytes SHA-256 language/level/topic tags and license/access signal before source-authority, term, excerpt, OCR reuse, translation, visual inventory, pilot, or package movement.","no source authority, reviewer approval, community consent, canonical approval, license clearance, terms, excerpts, OCR reuse, translation, visual inventory, pilot, completion, or Git push","R6_CURRENT_GAP_RETRY_SOURCE_CAPTURE_REFRESH_20260702T012500Z.csv"
"R6-GAP-007","Current gap retry","Papiamento/Papiamentu - Aruba","exact source canon witness or validated source archive","False","False","url_access_repair_required","EA.AW PDF source-body access that yields PDF bytes, local path, byte count, SHA-256, language/topic tags, and source-owner/reviewer route; or source-owner confirmation that the catalog route moved or is intentionally blocked","public search visibility is not reuse/license clearance; reuse or media permission remains blocked unless a dated source-owner/license return is separately recorded","Aruba Papiamento source-owner or qualified reviewer route required; do not infer Curacao Papiamentu, pan-creole register, source authority, or orthography scope from search visibility","support metadata only; retry addendum records route/probe metadata but no PDF body, media, screenshot, OCR corpus, transcript, caption, term/sign list, translation, or pilot payload","false","false","Resolve EA.AW PDF source-body access through allowed browser/manual stack, source-owner route, archive route, or official mirror; if captured later, record full provenance and reviewer/source-owner plus reuse gates before support movement.","No accepted term/source authority.","R6_CURRENT_GAP_RETRY_SOURCE_CAPTURE_REFRESH_20260702T012500Z.csv"
"R6-GAP-004","Current gap retry","Quechua/Bolivia","exact source canon witness or validated source archive","True","True","post_capture_authority_reuse_review_required","exact Bolivia Quechua Red Minedu 19985 PDF capture exists in dated addendum; keep local path, byte count, SHA-256, route URL, language/topic tags, and source-owner/reviewer route together before movement","reuse or media permission remains blocked unless a dated source-owner/license return is separately recorded","Bolivia Quechua/EIB source-owner or qualified reviewer route required; no generalized Indigenous Americas or Quechua macrostandard inference","support metadata only; raw PDF remains under work and is not a B3 package payload instruction without separate source-owner/reuse decision","false","false","Record Bolivia Quechua/EIB source-owner or qualified reviewer route plus reuse/license decision before source-authority, terms, excerpts, OCR reuse, translation, visual inventory, pilot, or package payload movement.","No accepted technical row.","R6_CURRENT_GAP_RETRY_SOURCE_CAPTURE_REFRESH_20260702T012500Z.csv"
"R6-GAP-005","Current gap retry","Uspanteko/Guatemala","exact source canon witness or validated source archive","False","False","post_capture_authority_reuse_review_required","exact Uspanteko DIGEBI PDF capture now recorded in NOETHER_R6_GUATEMALA_USPANTEKO_DIGEBI_SOURCE_CAPTURE_ADDENDUM_20260705.csv; source archive remains absent; preserve language/topic tags and local hash provenance","public official page and Google Drive access recorded; reuse/license clearance remains blocked unless a dated source-owner/license return is separately recorded","DIGEBI/source-owner or qualified Uspanteko education reviewer route required before source-authority, term, excerpt, translation, visual inventory, or pilot movement; no Indigenous Americas bridge inference","support metadata only; raw PDF capture remains in work tree and is not package payload instruction unless separately gated by source-owner/reuse policy","false","false","Record DIGEBI/source-owner or qualified Uspanteko education reviewer route plus reuse/license decision before any support movement.","no source-authority promotion, terms, excerpts, reuse, translation, visual inventory, or pilot","R6_CURRENT_GAP_RETRY_SOURCE_CAPTURE_REFRESH_20260702T012500Z.csv"
"R6-GAP-AUTO-017","Indigenous Americas","Bolivia Quechua","exact official mathematical source or source archive","True","True","post_capture_authority_reuse_review_required","exact Bolivia Quechua Red Minedu 19985 PDF capture exists in dated addendum; keep local path, byte count, SHA-256, route URL, language/topic tags, and source-owner/reviewer route together before movement","reuse or media permission remains blocked unless a dated source-owner/license return is separately recorded","Bolivia Quechua/EIB source-owner or qualified reviewer route required; no generalized Indigenous Americas or Quechua macrostandard inference","support metadata only; raw PDF remains under work and is not a B3 package payload instruction without separate source-owner/reuse decision","false","false","Record Bolivia Quechua/EIB source-owner or qualified reviewer route plus reuse/license decision before source-authority, terms, excerpts, OCR reuse, translation, visual inventory, pilot, or package payload movement.","no source-authority promotion, terms, excerpts, reuse, translation, visual inventory, or pilot","R6_INDIGENOUS_AMERICAS_EXACT_DOWNLOAD_RESOLVER_PASS3_20260701T211500Z.csv"
"R6-GAP-AUTO-018","Indigenous Americas","Bolivia Quechua","exact official mathematical source or source archive","True","True","post_capture_authority_reuse_review_required","exact Bolivia Quechua Red Minedu 19985 PDF capture exists in dated addendum; keep local path, byte count, SHA-256, route URL, language/topic tags, and source-owner/reviewer route together before movement","reuse or media permission remains blocked unless a dated source-owner/license return is separately recorded","Bolivia Quechua/EIB source-owner or qualified reviewer route required; no generalized Indigenous Americas or Quechua macrostandard inference","support metadata only; raw PDF remains under work and is not a B3 package payload instruction without separate source-owner/reuse decision","false","false","Record Bolivia Quechua/EIB source-owner or qualified reviewer route plus reuse/license decision before source-authority, terms, excerpts, OCR reuse, translation, visual inventory, pilot, or package payload movement.","no source-authority promotion, terms, excerpts, reuse, translation, visual inventory, or pilot","R6_INDIGENOUS_AMERICAS_EXACT_DOWNLOAD_RESOLVER_PASS3_20260701T211500Z.csv"
"R6-GAP-AUTO-019","Indigenous Americas","Bolivia Quechua longitudes","exact official mathematical source or source archive","True","True","post_capture_authority_reuse_review_required","exact Bolivia Quechua Red Minedu 19985 PDF capture exists in dated addendum; keep local path, byte count, SHA-256, route URL, language/topic tags, and source-owner/reviewer route together before movement","reuse or media permission remains blocked unless a dated source-owner/license return is separately recorded","Bolivia Quechua/EIB source-owner or qualified reviewer route required; no generalized Indigenous Americas or Quechua macrostandard inference","support metadata only; raw PDF remains under work and is not a B3 package payload instruction without separate source-owner/reuse decision","false","false","Record Bolivia Quechua/EIB source-owner or qualified reviewer route plus reuse/license decision before source-authority, terms, excerpts, OCR reuse, translation, visual inventory, pilot, or package payload movement.","no source-authority promotion, terms, excerpts, reuse, translation, visual inventory, or pilot","R6_INDIGENOUS_AMERICAS_EXACT_DOWNLOAD_RESOLVER_PASS3_20260701T211500Z.csv"
"R6-IA-P3-002","Indigenous Americas","Bolivia Red Minedu repository","exact official mathematical source or source archive","True","True","post_capture_authority_reuse_review_required","exact Bolivia Quechua Red Minedu 19985 PDF capture exists in dated addendum; keep local path, byte count, SHA-256, route URL, language/topic tags, and source-owner/reviewer route together before movement","reuse or media permission remains blocked unless a dated source-owner/license return is separately recorded","Bolivia Quechua/EIB source-owner or qualified reviewer route required; no generalized Indigenous Americas or Quechua macrostandard inference","support metadata only; raw PDF remains under work and is not a B3 package payload instruction without separate source-owner/reuse decision","false","false","Record Bolivia Quechua/EIB source-owner or qualified reviewer route plus reuse/license decision before source-authority, terms, excerpts, OCR reuse, translation, visual inventory, pilot, or package payload movement.","no accepted source authority, crosswalk, terms, excerpts, reuse, translation, constructed surface, or pilot","R6_INDIGENOUS_AMERICAS_EXACT_DOWNLOAD_RESOLVER_PASS3_20260701T211500Z.csv"
"R6-GAP-AUTO-020","Indigenous Americas","Ecuador EIB","exact official mathematical source or source archive","True","True","url_access_repair_required","Exact official CNIB page and KICHWA_CNIB_2017 PDF route metadata now recorded in NOETHER_R6_ECUADOR_EIB_KICHWA_CNIB_ROUTE_RETRY_ADDENDUM_20260705.csv; source body still missing; capture exact source body or record source-owner route before movement.","Public official MinEduc route visibility recorded; reuse/license clearance remains blocked unless a dated source-owner/license return is separately recorded.","Ecuador EIB/Kichwa source-owner or qualified education reviewer route required; no generalized Indigenous Americas or cross-CNIB language inference.","support metadata only; raw source body is not captured and no media repository clone OCR corpus screenshot transcript caption term/sign list translation or pilot payload is allowed by R6","false","false","Resolve official CNIB page/PDF source-body access or source-owner route; if captured later record local path bytes SHA-256 language/level/topic tags and license/access signal before source-authority, term, excerpt, OCR reuse, translation, visual inventory, pilot, or package movement.","no source authority, reviewer approval, community consent, canonical approval, license clearance, terms, excerpts, OCR reuse, translation, visual inventory, pilot, completion, or Git push","R6_INDIGENOUS_AMERICAS_EXACT_DOWNLOAD_RESOLVER_PASS3_20260701T211500Z.csv"
"R6-GAP-AUTO-021","Indigenous Americas","Ecuador EIB","exact official mathematical source or source archive","True","True","url_access_repair_required","Exact official CNIB page and KICHWA_CNIB_2017 PDF route metadata now recorded in NOETHER_R6_ECUADOR_EIB_KICHWA_CNIB_ROUTE_RETRY_ADDENDUM_20260705.csv; source body still missing; capture exact source body or record source-owner route before movement.","Public official MinEduc route visibility recorded; reuse/license clearance remains blocked unless a dated source-owner/license return is separately recorded.","Ecuador EIB/Kichwa source-owner or qualified education reviewer route required; no generalized Indigenous Americas or cross-CNIB language inference.","support metadata only; raw source body is not captured and no media repository clone OCR corpus screenshot transcript caption term/sign list translation or pilot payload is allowed by R6","false","false","Resolve official CNIB page/PDF source-body access or source-owner route; if captured later record local path bytes SHA-256 language/level/topic tags and license/access signal before source-authority, term, excerpt, OCR reuse, translation, visual inventory, pilot, or package movement.","no source authority, reviewer approval, community consent, canonical approval, license clearance, terms, excerpts, OCR reuse, translation, visual inventory, pilot, completion, or Git push","R6_INDIGENOUS_AMERICAS_EXACT_DOWNLOAD_RESOLVER_PASS3_20260701T211500Z.csv"
"R6-IA-P3-004","Indigenous Americas","Ecuador Ministry EIB pages","exact official mathematical source or source archive","True","True","url_access_repair_required","Exact official CNIB page and KICHWA_CNIB_2017 PDF route metadata now recorded in NOETHER_R6_ECUADOR_EIB_KICHWA_CNIB_ROUTE_RETRY_ADDENDUM_20260705.csv; source body still missing; capture exact source body or record source-owner route before movement.","Public official MinEduc route visibility recorded; reuse/license clearance remains blocked unless a dated source-owner/license return is separately recorded.","Ecuador EIB/Kichwa source-owner or qualified education reviewer route required; no generalized Indigenous Americas or cross-CNIB language inference.","support metadata only; raw source body is not captured and no media repository clone OCR corpus screenshot transcript caption term/sign list translation or pilot payload is allowed by R6","false","false","Resolve official CNIB page/PDF source-body access or source-owner route; if captured later record local path bytes SHA-256 language/level/topic tags and license/access signal before source-authority, term, excerpt, OCR reuse, translation, visual inventory, pilot, or package movement.","no source authority, reviewer approval, community consent, canonical approval, license clearance, terms, excerpts, OCR reuse, translation, visual inventory, pilot, completion, or Git push","R6_INDIGENOUS_AMERICAS_EXACT_DOWNLOAD_RESOLVER_PASS3_20260701T211500Z.csv"
"R6-IA-P3-005","Indigenous Americas","Ecuador Ministry EIB pages","exact official mathematical source or source archive","True","True","exact_official_source_capture_required","official-source exact URL, local path, byte count, SHA-256, language/level/topic tags, and source-owner/reviewer route","license/access signal recorded; reuse or media permission remains blocked unless a dated source-owner/license return is separately recorded","named Indigenous language/source-owner reviewer route required; no generalized Indigenous Americas register inference","support metadata only until transition evidence is recorded; no raw source body, media, repository clone, source archive, OCR corpus, screenshot, transcript, caption, term/sign list, translation, or pilot payload","false","false","Resolve host/download/API/browser route; do not treat this row as a source witness.","no accepted source authority, crosswalk, terms, excerpts, reuse, translation, constructed surface, or pilot","R6_INDIGENOUS_AMERICAS_EXACT_DOWNLOAD_RESOLVER_PASS3_20260701T211500Z.csv"
"R6-IA-P3-006","Indigenous Americas","Guatemala DIGEBI product pages","exact official mathematical source or source archive","True","True","post_capture_authority_reuse_review_required","exact Uspanteko DIGEBI PDF capture now recorded in NOETHER_R6_GUATEMALA_USPANTEKO_DIGEBI_SOURCE_CAPTURE_ADDENDUM_20260705.csv; source archive remains absent; preserve language/topic tags and local hash provenance","public official page and Google Drive access recorded; reuse/license clearance remains blocked unless a dated source-owner/license return is separately recorded","DIGEBI/source-owner or qualified Uspanteko education reviewer route required before source-authority, term, excerpt, translation, visual inventory, or pilot movement; no Indigenous Americas bridge inference","support metadata only; raw PDF capture remains in work tree and is not package payload instruction unless separately gated by source-owner/reuse policy","false","false","Record DIGEBI/source-owner or qualified Uspanteko education reviewer route plus reuse/license decision before any support movement.","no source-authority promotion, terms, excerpts, reuse, translation, visual inventory, or pilot","R6_INDIGENOUS_AMERICAS_EXACT_DOWNLOAD_RESOLVER_PASS3_20260701T211500Z.csv"
"R6-GAP-AUTO-022","Indigenous Americas","Guatemala Uspanteko","exact official mathematical source or source archive","False","False","post_capture_authority_reuse_review_required","exact Uspanteko DIGEBI PDF capture now recorded in NOETHER_R6_GUATEMALA_USPANTEKO_DIGEBI_SOURCE_CAPTURE_ADDENDUM_20260705.csv; source archive remains absent; preserve language/topic tags and local hash provenance","public official page and Google Drive access recorded; reuse/license clearance remains blocked unless a dated source-owner/license return is separately recorded","DIGEBI/source-owner or qualified Uspanteko education reviewer route required before source-authority, term, excerpt, translation, visual inventory, or pilot movement; no Indigenous Americas bridge inference","support metadata only; raw PDF capture remains in work tree and is not package payload instruction unless separately gated by source-owner/reuse policy","false","false","Record DIGEBI/source-owner or qualified Uspanteko education reviewer route plus reuse/license decision before any support movement.","no source-authority promotion, terms, excerpts, reuse, translation, visual inventory, or pilot","R6_INDIGENOUS_AMERICAS_EXACT_DOWNLOAD_RESOLVER_PASS3_20260701T211500Z.csv"
"R6-GAP-AUTO-023","Indigenous Americas","Guatemala Uspanteko","exact official mathematical source or source archive","False","False","post_capture_authority_reuse_review_required","exact Uspanteko DIGEBI PDF capture now recorded in NOETHER_R6_GUATEMALA_USPANTEKO_DIGEBI_SOURCE_CAPTURE_ADDENDUM_20260705.csv; source archive remains absent; preserve language/topic tags and local hash provenance","public official page and Google Drive access recorded; reuse/license clearance remains blocked unless a dated source-owner/license return is separately recorded","DIGEBI/source-owner or qualified Uspanteko education reviewer route required before source-authority, term, excerpt, translation, visual inventory, or pilot movement; no Indigenous Americas bridge inference","support metadata only; raw PDF capture remains in work tree and is not package payload instruction unless separately gated by source-owner/reuse policy","false","false","Record DIGEBI/source-owner or qualified Uspanteko education reviewer route plus reuse/license decision before any support movement.","no source-authority promotion, terms, excerpts, reuse, translation, visual inventory, or pilot","R6_INDIGENOUS_AMERICAS_EXACT_DOWNLOAD_RESOLVER_PASS3_20260701T211500Z.csv"
"R6-IA-P3-D002","Indigenous Americas","Hnahnu/Otomi","exact official mathematical source or source archive","True","True","url_access_repair_required","Official CONALITEG catalogue route metadata now recorded in NOETHER_R6_MEXICO_CONALITEG_INDIGENOUS_ROUTE_RETRY_ADDENDUM_20260705.csv; linked book/viewer/PDF source bodies still missing or returned 404/error; capture exact source body or record source-owner route before movement.","Public official CONALITEG catalogue visibility and local catalogue hashes recorded; reuse/license clearance remains blocked unless a dated source-owner/license return is separately recorded.","Named language/source-owner or qualified Mexico Indigenous-language education reviewer route required; keep Nahuatl Hnahnu/Otomi Maya and Nanahuatzin separate; no generalized Indigenous Americas inference.","support metadata only; raw linked book source body is not captured and no media repository clone OCR corpus screenshot transcript caption term/sign list translation or pilot payload is allowed by R6","false","false","Resolve exact linked CONALITEG book/viewer/source-body access or source-owner route; if captured later record local path bytes SHA-256 language/level/topic tags and license/access signal before source-authority, term, excerpt, OCR reuse, translation, visual inventory, pilot, or package movement.","no source authority, reviewer approval, community consent, canonical approval, license clearance, terms, excerpts, OCR reuse, translation, visual inventory, pilot, completion, or Git push","R6_INDIGENOUS_AMERICAS_EXACT_DOWNLOAD_RESOLVER_PASS3_20260701T211500Z.csv"
"R6-IA-P3-D006","Indigenous Americas","Hnahnu/Otomi","exact official mathematical source or source archive","True","True","url_access_repair_required","Official CONALITEG catalogue route metadata now recorded in NOETHER_R6_MEXICO_CONALITEG_INDIGENOUS_ROUTE_RETRY_ADDENDUM_20260705.csv; linked book/viewer/PDF source bodies still missing or returned 404/error; capture exact source body or record source-owner route before movement.","Public official CONALITEG catalogue visibility and local catalogue hashes recorded; reuse/license clearance remains blocked unless a dated source-owner/license return is separately recorded.","Named language/source-owner or qualified Mexico Indigenous-language education reviewer route required; keep Nahuatl Hnahnu/Otomi Maya and Nanahuatzin separate; no generalized Indigenous Americas inference.","support metadata only; raw linked book source body is not captured and no media repository clone OCR corpus screenshot transcript caption term/sign list translation or pilot payload is allowed by R6","false","false","Resolve exact linked CONALITEG book/viewer/source-body access or source-owner route; if captured later record local path bytes SHA-256 language/level/topic tags and license/access signal before source-authority, term, excerpt, OCR reuse, translation, visual inventory, pilot, or package movement.","no source authority, reviewer approval, community consent, canonical approval, license clearance, terms, excerpts, OCR reuse, translation, visual inventory, pilot, completion, or Git push","R6_INDIGENOUS_AMERICAS_EXACT_DOWNLOAD_RESOLVER_PASS3_20260701T211500Z.csv"
"R6-IA-P3-D003","Indigenous Americas","Maya","exact official mathematical source or source archive","True","True","url_access_repair_required","Official CONALITEG catalogue route metadata now recorded in NOETHER_R6_MEXICO_CONALITEG_INDIGENOUS_ROUTE_RETRY_ADDENDUM_20260705.csv; linked book/viewer/PDF source bodies still missing or returned 404/error; capture exact source body or record source-owner route before movement.","Public official CONALITEG catalogue visibility and local catalogue hashes recorded; reuse/license clearance remains blocked unless a dated source-owner/license return is separately recorded.","Named language/source-owner or qualified Mexico Indigenous-language education reviewer route required; keep Nahuatl Hnahnu/Otomi Maya and Nanahuatzin separate; no generalized Indigenous Americas inference.","support metadata only; raw linked book source body is not captured and no media repository clone OCR corpus screenshot transcript caption term/sign list translation or pilot payload is allowed by R6","false","false","Resolve exact linked CONALITEG book/viewer/source-body access or source-owner route; if captured later record local path bytes SHA-256 language/level/topic tags and license/access signal before source-authority, term, excerpt, OCR reuse, translation, visual inventory, pilot, or package movement.","no source authority, reviewer approval, community consent, canonical approval, license clearance, terms, excerpts, OCR reuse, translation, visual inventory, pilot, completion, or Git push","R6_INDIGENOUS_AMERICAS_EXACT_DOWNLOAD_RESOLVER_PASS3_20260701T211500Z.csv"
"R6-IA-P3-D007","Indigenous Americas","Maya","exact official mathematical source or source archive","True","True","url_access_repair_required","Official CONALITEG catalogue route metadata now recorded in NOETHER_R6_MEXICO_CONALITEG_INDIGENOUS_ROUTE_RETRY_ADDENDUM_20260705.csv; linked book/viewer/PDF source bodies still missing or returned 404/error; capture exact source body or record source-owner route before movement.","Public official CONALITEG catalogue visibility and local catalogue hashes recorded; reuse/license clearance remains blocked unless a dated source-owner/license return is separately recorded.","Named language/source-owner or qualified Mexico Indigenous-language education reviewer route required; keep Nahuatl Hnahnu/Otomi Maya and Nanahuatzin separate; no generalized Indigenous Americas inference.","support metadata only; raw linked book source body is not captured and no media repository clone OCR corpus screenshot transcript caption term/sign list translation or pilot payload is allowed by R6","false","false","Resolve exact linked CONALITEG book/viewer/source-body access or source-owner route; if captured later record local path bytes SHA-256 language/level/topic tags and license/access signal before source-authority, term, excerpt, OCR reuse, translation, visual inventory, pilot, or package movement.","no source authority, reviewer approval, community consent, canonical approval, license clearance, terms, excerpts, OCR reuse, translation, visual inventory, pilot, completion, or Git push","R6_INDIGENOUS_AMERICAS_EXACT_DOWNLOAD_RESOLVER_PASS3_20260701T211500Z.csv"
"R6-GAP-AUTO-024","Indigenous Americas","Mexico CONALITEG Indigenous primary","exact official mathematical source or source archive","True","True","url_access_repair_required","Official CONALITEG catalogue route metadata now recorded in NOETHER_R6_MEXICO_CONALITEG_INDIGENOUS_ROUTE_RETRY_ADDENDUM_20260705.csv; linked book/viewer/PDF source bodies still missing or returned 404/error; capture exact source body or record source-owner route before movement.","Public official CONALITEG catalogue visibility and local catalogue hashes recorded; reuse/license clearance remains blocked unless a dated source-owner/license return is separately recorded.","Named language/source-owner or qualified Mexico Indigenous-language education reviewer route required; keep Nahuatl Hnahnu/Otomi Maya and Nanahuatzin separate; no generalized Indigenous Americas inference.","support metadata only; raw linked book source body is not captured and no media repository clone OCR corpus screenshot transcript caption term/sign list translation or pilot payload is allowed by R6","false","false","Resolve exact linked CONALITEG book/viewer/source-body access or source-owner route; if captured later record local path bytes SHA-256 language/level/topic tags and license/access signal before source-authority, term, excerpt, OCR reuse, translation, visual inventory, pilot, or package movement.","no source authority, reviewer approval, community consent, canonical approval, license clearance, terms, excerpts, OCR reuse, translation, visual inventory, pilot, completion, or Git push","R6_INDIGENOUS_AMERICAS_EXACT_DOWNLOAD_RESOLVER_PASS3_20260701T211500Z.csv"
"R6-IA-P3-007","Indigenous Americas","Mexico CONALITEG viewers/catalogue","exact official mathematical source or source archive","True","True","url_access_repair_required","Official CONALITEG catalogue route metadata now recorded in NOETHER_R6_MEXICO_CONALITEG_INDIGENOUS_ROUTE_RETRY_ADDENDUM_20260705.csv; linked book/viewer/PDF source bodies still missing or returned 404/error; capture exact source body or record source-owner route before movement.","Public official CONALITEG catalogue visibility and local catalogue hashes recorded; reuse/license clearance remains blocked unless a dated source-owner/license return is separately recorded.","Named language/source-owner or qualified Mexico Indigenous-language education reviewer route required; keep Nahuatl Hnahnu/Otomi Maya and Nanahuatzin separate; no generalized Indigenous Americas inference.","support metadata only; raw linked book source body is not captured and no media repository clone OCR corpus screenshot transcript caption term/sign list translation or pilot payload is allowed by R6","false","false","Resolve exact linked CONALITEG book/viewer/source-body access or source-owner route; if captured later record local path bytes SHA-256 language/level/topic tags and license/access signal before source-authority, term, excerpt, OCR reuse, translation, visual inventory, pilot, or package movement.","no source authority, reviewer approval, community consent, canonical approval, license clearance, terms, excerpts, OCR reuse, translation, visual inventory, pilot, completion, or Git push","R6_INDIGENOUS_AMERICAS_EXACT_DOWNLOAD_RESOLVER_PASS3_20260701T211500Z.csv"
"R6-IA-P3-008","Indigenous Americas","Mexico CONALITEG viewers/catalogue","exact official mathematical source or source archive","True","True","url_access_repair_required","Official CONALITEG catalogue route metadata now recorded in NOETHER_R6_MEXICO_CONALITEG_INDIGENOUS_ROUTE_RETRY_ADDENDUM_20260705.csv; linked book/viewer/PDF source bodies still missing or returned 404/error; capture exact source body or record source-owner route before movement.","Public official CONALITEG catalogue visibility and local catalogue hashes recorded; reuse/license clearance remains blocked unless a dated source-owner/license return is separately recorded.","Named language/source-owner or qualified Mexico Indigenous-language education reviewer route required; keep Nahuatl Hnahnu/Otomi Maya and Nanahuatzin separate; no generalized Indigenous Americas inference.","support metadata only; raw linked book source body is not captured and no media repository clone OCR corpus screenshot transcript caption term/sign list translation or pilot payload is allowed by R6","false","false","Resolve exact linked CONALITEG book/viewer/source-body access or source-owner route; if captured later record local path bytes SHA-256 language/level/topic tags and license/access signal before source-authority, term, excerpt, OCR reuse, translation, visual inventory, pilot, or package movement.","no source authority, reviewer approval, community consent, canonical approval, license clearance, terms, excerpts, OCR reuse, translation, visual inventory, pilot, completion, or Git push","R6_INDIGENOUS_AMERICAS_EXACT_DOWNLOAD_RESOLVER_PASS3_20260701T211500Z.csv"
"R6-IA-P3-009","Indigenous Americas","Mexico CONALITEG viewers/catalogue","exact official mathematical source or source archive","True","True","url_access_repair_required","Official CONALITEG catalogue route metadata now recorded in NOETHER_R6_MEXICO_CONALITEG_INDIGENOUS_ROUTE_RETRY_ADDENDUM_20260705.csv; linked book/viewer/PDF source bodies still missing or returned 404/error; capture exact source body or record source-owner route before movement.","Public official CONALITEG catalogue visibility and local catalogue hashes recorded; reuse/license clearance remains blocked unless a dated source-owner/license return is separately recorded.","Named language/source-owner or qualified Mexico Indigenous-language education reviewer route required; keep Nahuatl Hnahnu/Otomi Maya and Nanahuatzin separate; no generalized Indigenous Americas inference.","support metadata only; raw linked book source body is not captured and no media repository clone OCR corpus screenshot transcript caption term/sign list translation or pilot payload is allowed by R6","false","false","Resolve exact linked CONALITEG book/viewer/source-body access or source-owner route; if captured later record local path bytes SHA-256 language/level/topic tags and license/access signal before source-authority, term, excerpt, OCR reuse, translation, visual inventory, pilot, or package movement.","no source authority, reviewer approval, community consent, canonical approval, license clearance, terms, excerpts, OCR reuse, translation, visual inventory, pilot, completion, or Git push","R6_INDIGENOUS_AMERICAS_EXACT_DOWNLOAD_RESOLVER_PASS3_20260701T211500Z.csv"
"R6-IA-P3-010","Indigenous Americas","Mexico CONALITEG viewers/catalogue","exact official mathematical source or source archive","True","True","url_access_repair_required","Official CONALITEG catalogue route metadata now recorded in NOETHER_R6_MEXICO_CONALITEG_INDIGENOUS_ROUTE_RETRY_ADDENDUM_20260705.csv; linked book/viewer/PDF source bodies still missing or returned 404/error; capture exact source body or record source-owner route before movement.","Public official CONALITEG catalogue visibility and local catalogue hashes recorded; reuse/license clearance remains blocked unless a dated source-owner/license return is separately recorded.","Named language/source-owner or qualified Mexico Indigenous-language education reviewer route required; keep Nahuatl Hnahnu/Otomi Maya and Nanahuatzin separate; no generalized Indigenous Americas inference.","support metadata only; raw linked book source body is not captured and no media repository clone OCR corpus screenshot transcript caption term/sign list translation or pilot payload is allowed by R6","false","false","Resolve exact linked CONALITEG book/viewer/source-body access or source-owner route; if captured later record local path bytes SHA-256 language/level/topic tags and license/access signal before source-authority, term, excerpt, OCR reuse, translation, visual inventory, pilot, or package movement.","no source authority, reviewer approval, community consent, canonical approval, license clearance, terms, excerpts, OCR reuse, translation, visual inventory, pilot, completion, or Git push","R6_INDIGENOUS_AMERICAS_EXACT_DOWNLOAD_RESOLVER_PASS3_20260701T211500Z.csv"
"R6-IA-P3-011","Indigenous Americas","Mexico CONALITEG viewers/catalogue","exact official mathematical source or source archive","True","True","url_access_repair_required","Official CONALITEG catalogue route metadata now recorded in NOETHER_R6_MEXICO_CONALITEG_INDIGENOUS_ROUTE_RETRY_ADDENDUM_20260705.csv; linked book/viewer/PDF source bodies still missing or returned 404/error; capture exact source body or record source-owner route before movement.","Public official CONALITEG catalogue visibility and local catalogue hashes recorded; reuse/license clearance remains blocked unless a dated source-owner/license return is separately recorded.","Named language/source-owner or qualified Mexico Indigenous-language education reviewer route required; keep Nahuatl Hnahnu/Otomi Maya and Nanahuatzin separate; no generalized Indigenous Americas inference.","support metadata only; raw linked book source body is not captured and no media repository clone OCR corpus screenshot transcript caption term/sign list translation or pilot payload is allowed by R6","false","false","Resolve exact linked CONALITEG book/viewer/source-body access or source-owner route; if captured later record local path bytes SHA-256 language/level/topic tags and license/access signal before source-authority, term, excerpt, OCR reuse, translation, visual inventory, pilot, or package movement.","no source authority, reviewer approval, community consent, canonical approval, license clearance, terms, excerpts, OCR reuse, translation, visual inventory, pilot, completion, or Git push","R6_INDIGENOUS_AMERICAS_EXACT_DOWNLOAD_RESOLVER_PASS3_20260701T211500Z.csv"
"R6-IA-P3-D004","Indigenous Americas","Mexico CONALITEG/Nanahuatzin","exact official mathematical source or source archive","True","True","url_access_repair_required","Official CONALITEG catalogue route metadata now recorded in NOETHER_R6_MEXICO_CONALITEG_INDIGENOUS_ROUTE_RETRY_ADDENDUM_20260705.csv; linked book/viewer/PDF source bodies still missing or returned 404/error; capture exact source body or record source-owner route before movement.","Public official CONALITEG catalogue visibility and local catalogue hashes recorded; reuse/license clearance remains blocked unless a dated source-owner/license return is separately recorded.","Named language/source-owner or qualified Mexico Indigenous-language education reviewer route required; keep Nahuatl Hnahnu/Otomi Maya and Nanahuatzin separate; no generalized Indigenous Americas inference.","support metadata only; raw linked book source body is not captured and no media repository clone OCR corpus screenshot transcript caption term/sign list translation or pilot payload is allowed by R6","false","false","Resolve exact linked CONALITEG book/viewer/source-body access or source-owner route; if captured later record local path bytes SHA-256 language/level/topic tags and license/access signal before source-authority, term, excerpt, OCR reuse, translation, visual inventory, pilot, or package movement.","no source authority, reviewer approval, community consent, canonical approval, license clearance, terms, excerpts, OCR reuse, translation, visual inventory, pilot, completion, or Git push","R6_INDIGENOUS_AMERICAS_EXACT_DOWNLOAD_RESOLVER_PASS3_20260701T211500Z.csv"
"R6-GAP-AUTO-025","Indigenous Americas","Mexico Nahuatl/Hnahnu/Maya/Nanahuatzin","exact official mathematical source or source archive","True","True","url_access_repair_required","Official CONALITEG catalogue route metadata now recorded in NOETHER_R6_MEXICO_CONALITEG_INDIGENOUS_ROUTE_RETRY_ADDENDUM_20260705.csv; linked book/viewer/PDF source bodies still missing or returned 404/error; capture exact source body or record source-owner route before movement.","Public official CONALITEG catalogue visibility and local catalogue hashes recorded; reuse/license clearance remains blocked unless a dated source-owner/license return is separately recorded.","Named language/source-owner or qualified Mexico Indigenous-language education reviewer route required; keep Nahuatl Hnahnu/Otomi Maya and Nanahuatzin separate; no generalized Indigenous Americas inference.","support metadata only; raw linked book source body is not captured and no media repository clone OCR corpus screenshot transcript caption term/sign list translation or pilot payload is allowed by R6","false","false","Resolve exact linked CONALITEG book/viewer/source-body access or source-owner route; if captured later record local path bytes SHA-256 language/level/topic tags and license/access signal before source-authority, term, excerpt, OCR reuse, translation, visual inventory, pilot, or package movement.","no source authority, reviewer approval, community consent, canonical approval, license clearance, terms, excerpts, OCR reuse, translation, visual inventory, pilot, completion, or Git push","R6_INDIGENOUS_AMERICAS_EXACT_DOWNLOAD_RESOLVER_PASS3_20260701T211500Z.csv"
"R6-IA-P3-D001","Indigenous Americas","Nahuatl","exact official mathematical source or source archive","True","True","url_access_repair_required","Official CONALITEG catalogue route metadata now recorded in NOETHER_R6_MEXICO_CONALITEG_INDIGENOUS_ROUTE_RETRY_ADDENDUM_20260705.csv; linked book/viewer/PDF source bodies still missing or returned 404/error; capture exact source body or record source-owner route before movement.","Public official CONALITEG catalogue visibility and local catalogue hashes recorded; reuse/license clearance remains blocked unless a dated source-owner/license return is separately recorded.","Named language/source-owner or qualified Mexico Indigenous-language education reviewer route required; keep Nahuatl Hnahnu/Otomi Maya and Nanahuatzin separate; no generalized Indigenous Americas inference.","support metadata only; raw linked book source body is not captured and no media repository clone OCR corpus screenshot transcript caption term/sign list translation or pilot payload is allowed by R6","false","false","Resolve exact linked CONALITEG book/viewer/source-body access or source-owner route; if captured later record local path bytes SHA-256 language/level/topic tags and license/access signal before source-authority, term, excerpt, OCR reuse, translation, visual inventory, pilot, or package movement.","no source authority, reviewer approval, community consent, canonical approval, license clearance, terms, excerpts, OCR reuse, translation, visual inventory, pilot, completion, or Git push","R6_INDIGENOUS_AMERICAS_EXACT_DOWNLOAD_RESOLVER_PASS3_20260701T211500Z.csv"
"R6-IA-P3-D005","Indigenous Americas","Nahuatl","exact official mathematical source or source archive","True","True","url_access_repair_required","Official CONALITEG catalogue route metadata now recorded in NOETHER_R6_MEXICO_CONALITEG_INDIGENOUS_ROUTE_RETRY_ADDENDUM_20260705.csv; linked book/viewer/PDF source bodies still missing or returned 404/error; capture exact source body or record source-owner route before movement.","Public official CONALITEG catalogue visibility and local catalogue hashes recorded; reuse/license clearance remains blocked unless a dated source-owner/license return is separately recorded.","Named language/source-owner or qualified Mexico Indigenous-language education reviewer route required; keep Nahuatl Hnahnu/Otomi Maya and Nanahuatzin separate; no generalized Indigenous Americas inference.","support metadata only; raw linked book source body is not captured and no media repository clone OCR corpus screenshot transcript caption term/sign list translation or pilot payload is allowed by R6","false","false","Resolve exact linked CONALITEG book/viewer/source-body access or source-owner route; if captured later record local path bytes SHA-256 language/level/topic tags and license/access signal before source-authority, term, excerpt, OCR reuse, translation, visual inventory, pilot, or package movement.","no source authority, reviewer approval, community consent, canonical approval, license clearance, terms, excerpts, OCR reuse, translation, visual inventory, pilot, completion, or Git push","R6_INDIGENOUS_AMERICAS_EXACT_DOWNLOAD_RESOLVER_PASS3_20260701T211500Z.csv"
"R6-GAP-AUTO-026","Indigenous Americas","Paraguay Guarani","exact official mathematical source or source archive","True","True","url_access_repair_required","repair official MEC page or direct PDF access, then record exact source URL, local path, byte count, SHA-256, language/topic tags, and source-owner/reviewer route; route metadata alone is not source-body capture","license/access signal recorded; reuse or media permission remains blocked unless a dated source-owner/license return is separately recorded","Paraguay Guarani/source-owner or qualified adult-education reviewer route required; no generalized Indigenous Americas or Guarani-register inference","support metadata only; no raw source body, source archive, media, OCR corpus, screenshot, transcript, caption, term/sign list, translation, visual inventory, pilot, or package payload instruction","false","false","Resolve MEC page/direct file links through allowed browser/API/source-owner/manual route; if captured later, record exact URL, local path, byte count, SHA-256, language/topic tags, source-owner/reviewer route, and reuse/license signal before support movement.","no source-authority promotion, terms, excerpts, reuse, translation, visual inventory, or pilot","R6_INDIGENOUS_AMERICAS_EXACT_DOWNLOAD_RESOLVER_PASS3_20260701T211500Z.csv"
"R6-GAP-AUTO-027","Indigenous Americas","Paraguay Guarani/Matematica PRODEPA","exact official mathematical source or source archive","True","True","url_access_repair_required","repair official MEC page or direct PDF access, then record exact source URL, local path, byte count, SHA-256, language/topic tags, and source-owner/reviewer route; route metadata alone is not source-body capture","license/access signal recorded; reuse or media permission remains blocked unless a dated source-owner/license return is separately recorded","Paraguay Guarani/source-owner or qualified adult-education reviewer route required; no generalized Indigenous Americas or Guarani-register inference","support metadata only; no raw source body, source archive, media, OCR corpus, screenshot, transcript, caption, term/sign list, translation, visual inventory, pilot, or package payload instruction","false","false","Resolve MEC page/direct file links through allowed browser/API/source-owner/manual route; if captured later, record exact URL, local path, byte count, SHA-256, language/topic tags, source-owner/reviewer route, and reuse/license signal before support movement.","no source-authority promotion, terms, excerpts, reuse, translation, visual inventory, or pilot","R6_INDIGENOUS_AMERICAS_EXACT_DOWNLOAD_RESOLVER_PASS3_20260701T211500Z.csv"
"R6-IA-P3-001","Indigenous Americas","Paraguay MEC CMS","exact official mathematical source or source archive","True","True","url_access_repair_required","repair official MEC page or direct PDF access, then record exact source URL, local path, byte count, SHA-256, language/topic tags, and source-owner/reviewer route; route metadata alone is not source-body capture","license/access signal recorded; reuse or media permission remains blocked unless a dated source-owner/license return is separately recorded","Paraguay Guarani/source-owner or qualified adult-education reviewer route required; no generalized Indigenous Americas or Guarani-register inference","support metadata only; no raw source body, source archive, media, OCR corpus, screenshot, transcript, caption, term/sign list, translation, visual inventory, pilot, or package payload instruction","false","false","Resolve MEC page/direct file links through allowed browser/API/source-owner/manual route; if captured later, record exact URL, local path, byte count, SHA-256, language/topic tags, source-owner/reviewer route, and reuse/license signal before support movement.","no accepted source authority, crosswalk, terms, excerpts, reuse, translation, constructed surface, or pilot","R6_INDIGENOUS_AMERICAS_EXACT_DOWNLOAD_RESOLVER_PASS3_20260701T211500Z.csv"
"R6-GAP-AUTO-028","Indigenous Americas","Peru Quechua/Aymara","exact official mathematical source or source archive","False","False","exact_official_source_capture_required","official-source exact URL, local path, byte count, SHA-256, language/level/topic tags, and source-owner/reviewer route","license/access signal recorded; reuse or media permission remains blocked unless a dated source-owner/license return is separately recorded","named Indigenous language/source-owner reviewer route required; no generalized Indigenous Americas register inference","support metadata only until transition evidence is recorded; no raw source body, media, repository clone, source archive, OCR corpus, screenshot, transcript, caption, term/sign list, translation, or pilot payload","false","false","Wait for reviewer/source-owner/reuse returns; no duplication.","no source-authority promotion, terms, excerpts, reuse, translation, visual inventory, or pilot","R6_INDIGENOUS_AMERICAS_EXACT_DOWNLOAD_RESOLVER_PASS3_20260701T211500Z.csv"
"R6-GAP-AUTO-029","Indigenous Americas","Peru Quechua/Aymara existing reader","exact official mathematical source or source archive","False","False","exact_official_source_capture_required","official-source exact URL, local path, byte count, SHA-256, language/level/topic tags, and source-owner/reviewer route","license/access signal recorded; reuse or media permission remains blocked unless a dated source-owner/license return is separately recorded","named Indigenous language/source-owner reviewer route required; no generalized Indigenous Americas register inference","support metadata only until transition evidence is recorded; no raw source body, media, repository clone, source archive, OCR corpus, screenshot, transcript, caption, term/sign list, translation, or pilot payload","false","false","Do not duplicate Peru EIB reader; wait for reviewer/source-owner/reuse returns.","no source-authority promotion, terms, excerpts, reuse, translation, visual inventory, or pilot","R6_INDIGENOUS_AMERICAS_EXACT_DOWNLOAD_RESOLVER_PASS3_20260701T211500Z.csv"
"R6-SRCARCH-GAP-001","Indigenous Americas","Quechua/Kichwa, Aymara, Guarani, and adjacent Indigenous-language targets","native mathematical TeX/LaTeX/arXiv/e-print/source archive","True","False","source_archive_discovery_required","source archive URL or package URL, archive/source-file hash, license/access signal, target-language mathematical relevance, and non-payload package boundary","repository/package/archive license signal plus scope review; metadata-only until B3 and source-owner/reviewer gates permit any source-body payload","named Indigenous language/source-owner reviewer route required; no generalized Indigenous Americas register inference","support metadata only until transition evidence is recorded; no raw source body, media, repository clone, source archive, OCR corpus, screenshot, transcript, caption, term/sign list, translation, or pilot payload","false","false","Continue official source capture and reviewer/source-owner routes; do not infer technical register from TeX gap.","no source-authority promotion, term extraction, translation, or pilot","R6_SOURCE_LOCATOR_SHELF_20260628T230952Z.md"
"R6-SRCARCH-GAP-003","Signed language","ASL, LSQ, DGS, International Sign, future signed-language rows","TeX/LaTeX source package as signed-language authority","False","False","source_archive_discovery_required","source archive URL or package URL, archive/source-file hash, license/access signal, target-language mathematical relevance, and non-payload package boundary","repository/package/archive license signal plus scope review; metadata-only until B3 and source-owner/reviewer gates permit any source-body payload","signed-language qualified reviewer/source-owner route required; sign authority separate from text/source route and media permission","support metadata only until transition evidence is recorded; no raw source body, media, repository clone, source archive, OCR corpus, screenshot, transcript, caption, term/sign list, translation, or pilot payload","false","false","Use local signed-language source routes, video/access metadata, and media/reviewer gates.","no text-only sign substitution, visual inventory, accepted signs, copied media, translation, or pilot","R6_SIGNED_LANGUAGE_LANE_CLOSURE_ROLLUP_20260701T201500Z.md"
"R6-GITHUB-GAP-001","Indigenous Americas","Quechua/Kichwa, Aymara, Guarani, Uspanteko, Nahuatl/Hnahnu/Maya/Nanahuatzin, and adjacent Indigenous-language targets","target-language mathematical GitHub repository, CTAN-style package, or open source-code/source-file archive","False","False","github_or_source_repository_discovery_required","repository URL, commit/tree or release reference, license signal, file-level source-body capture policy, source-file hashes, target-language mathematical content evidence, and source-owner/reviewer route","repository/package/archive license signal plus scope review; metadata-only until B3 and source-owner/reviewer gates permit any source-body payload","named Indigenous language/source-owner reviewer route required; no generalized Indigenous Americas register inference","support metadata only until transition evidence is recorded; no raw source body, media, repository clone, source archive, OCR corpus, screenshot, transcript, caption, term/sign list, translation, or pilot payload","false","false","If a repository is found, verify target-language mathematical content, license/access status, hashable source files, and reviewer/source-owner route before any use.","no source-authority promotion, terms, excerpts, reuse, translation, visual inventory, pilot, or completion claim","whole_program_source_canon_alignment_20260704"
"R6-GITHUB-GAP-002","Creole/contact","Kreyol/Haitian Creole, Bislama, Papiamento/Papiamentu, Mauritian/Seychellois/Indian Ocean Creoles, Jamaican Creole/Patois, Nigerian Pidgin, Krio, Tok Pisin, Sranan/Guyanas, and adjacent named creole/contact rows","named-language mathematical GitHub repository, CTAN-style package, or open source-code/source-file archive","True","False","github_or_source_repository_discovery_required","Kreyol addendum records candidate GitHub routes as blockers only; repository URL plus clone-free metadata is not enough without commit/tree, license scope, file-level source hashes, target-language mathematical content review, and source-owner/reviewer route","repository/package/archive license signal plus scope review; metadata-only until B3 and source-owner/reviewer gates permit any source-body payload","named creole/contact language source-owner or reviewer route required; no pan-creole register or lexifier substitution","support metadata only until transition evidence is recorded; no raw source body, media, repository clone, source archive, OCR corpus, screenshot, transcript, caption, term/sign list, translation, or pilot payload","false","false","Keep GitHub/source-repository candidates as blockers until file-level capture policy and reviewer/source-owner route are satisfied.","no pan-creole inference, source-authority promotion, terms, excerpts, reuse, translation, visual inventory, pilot, or completion claim","whole_program_source_canon_alignment_20260704"
"R6-GITHUB-GAP-003","Signed language","ASL, LSQ, DGS, International Sign comparator, and future signed-language rows","signed-language mathematical GitHub/source repository usable as sign-language authority","False","False","github_or_source_repository_discovery_required","repository URL, commit/tree or release reference, license signal, file-level source-body capture policy, source-file hashes, target-language mathematical content evidence, and source-owner/reviewer route","repository/package/archive license signal plus scope review; metadata-only until B3 and source-owner/reviewer gates permit any source-body payload","signed-language qualified reviewer/source-owner route required; sign authority separate from text/source route and media permission","support metadata only until transition evidence is recorded; no raw source body, media, repository clone, source archive, OCR corpus, screenshot, transcript, caption, term/sign list, translation, or pilot payload","false","false","If a sign/access repository is found, verify media/source ownership, license/access, video/sign authority, reviewer route, and captions/transcripts separately.","no accepted signs, copied media, visual inventory, captions/transcripts for reuse, translation, pilot, source-authority promotion, or completion claim","whole_program_source_canon_alignment_20260704"
"R6-URL-GAP-001","Indigenous Americas","Aymara","live URL reachability/access confirmation","True","True","url_access_repair_required","non-placeholder live URL or documented access restriction, headers-only reachability status, local metadata/error capture hash, and exact route repair note","license/access signal recorded; reuse or media permission remains blocked unless a dated source-owner/license return is separately recorded","named Indigenous language/source-owner reviewer route required; no generalized Indigenous Americas register inference","support metadata only until transition evidence is recorded; no raw source body, media, repository clone, source archive, OCR corpus, screenshot, transcript, caption, term/sign list, translation, or pilot payload","false","false","Retry through browser/manual/source-owner route before treating live URL as stable; do not change license/source-authority state.","no source-authority promotion, terms, excerpts, reuse, translation, pilot, or completion claim","NOETHER_R6_STRICT_PROVENANCE_URL_REACHABILITY_AUDIT_20260704.csv"
"R6-URL-GAP-002","Indigenous Americas","Quechua Central","live URL reachability/access confirmation","True","True","url_access_repair_required","non-placeholder live URL or documented access restriction, headers-only reachability status, local metadata/error capture hash, and exact route repair note","license/access signal recorded; reuse or media permission remains blocked unless a dated source-owner/license return is separately recorded","named Indigenous language/source-owner reviewer route required; no generalized Indigenous Americas register inference","support metadata only until transition evidence is recorded; no raw source body, media, repository clone, source archive, OCR corpus, screenshot, transcript, caption, term/sign list, translation, or pilot payload","false","false","Retry through browser/manual/source-owner route before treating live URL as stable; do not change license/source-authority state.","no source-authority promotion, terms, excerpts, reuse, translation, pilot, or completion claim","NOETHER_R6_STRICT_PROVENANCE_URL_REACHABILITY_AUDIT_20260704.csv"
"R6-URL-GAP-003","Indigenous Americas","Quechua Chanka","live URL reachability/access confirmation","True","True","url_access_repair_required","non-placeholder live URL or documented access restriction, headers-only reachability status, local metadata/error capture hash, and exact route repair note","license/access signal recorded; reuse or media permission remains blocked unless a dated source-owner/license return is separately recorded","named Indigenous language/source-owner reviewer route required; no generalized Indigenous Americas register inference","support metadata only until transition evidence is recorded; no raw source body, media, repository clone, source archive, OCR corpus, screenshot, transcript, caption, term/sign list, translation, or pilot payload","false","false","Retry through browser/manual/source-owner route before treating live URL as stable; do not change license/source-authority state.","no source-authority promotion, terms, excerpts, reuse, translation, pilot, or completion claim","NOETHER_R6_STRICT_PROVENANCE_URL_REACHABILITY_AUDIT_20260704.csv"
"R6-URL-GAP-004","Signed language","DGS","live API URL reachability/access confirmation","True","True","url_access_repair_required","non-placeholder live URL or documented access restriction, headers-only reachability status, local metadata/error capture hash, and exact route repair note","license/access signal recorded; reuse or media permission remains blocked unless a dated source-owner/license return is separately recorded","signed-language qualified reviewer/source-owner route required; sign authority separate from text/source route and media permission","support metadata only until transition evidence is recorded; no raw source body, media, repository clone, source archive, OCR corpus, screenshot, transcript, caption, term/sign list, translation, or pilot payload","false","false","Resolve API access requirements with source-owner/reviewer route; keep media/reuse/sign authority gates closed.","no accepted signs, copied media, visual inventory, source-authority promotion, translation, pilot, or completion claim","NOETHER_R6_STRICT_PROVENANCE_URL_REACHABILITY_AUDIT_20260704.csv"
"R6-URL-GAP-005","Signed language","DGS","live CDN/video-route URL reachability/access confirmation","True","True","url_access_repair_required","non-placeholder live URL or documented access restriction, headers-only reachability status, local metadata/error capture hash, and exact route repair note","license/access signal recorded; reuse or media permission remains blocked unless a dated source-owner/license return is separately recorded","signed-language qualified reviewer/source-owner route required; sign authority separate from text/source route and media permission","support metadata only until transition evidence is recorded; no raw source body, media, repository clone, source archive, OCR corpus, screenshot, transcript, caption, term/sign list, translation, or pilot payload","false","false","Resolve media access and reuse permission separately from sign authority; keep copied media/stills blocked.","no accepted signs, copied media, visual inventory, source-authority promotion, translation, pilot, or completion claim","NOETHER_R6_STRICT_PROVENANCE_URL_REACHABILITY_AUDIT_20260704.csv"
"R6-URL-GAP-006","Signed language","DGS","exact non-placeholder live URL for route metadata","True","True","url_access_repair_required","non-placeholder live URL or documented access restriction, headers-only reachability status, local metadata/error capture hash, and exact route repair note","license/access signal recorded; reuse or media permission remains blocked unless a dated source-owner/license return is separately recorded","signed-language qualified reviewer/source-owner route required; sign authority separate from text/source route and media permission","support metadata only until transition evidence is recorded; no raw source body, media, repository clone, source archive, OCR corpus, screenshot, transcript, caption, term/sign list, translation, or pilot payload","false","false","Resolve exact non-placeholder URL, then rerun URL/path/hash audit before strict source-canon use.","no accepted signs, copied media, visual inventory, source-authority promotion, translation, pilot, or completion claim","NOETHER_R6_NON_STRICT_ROUTE_METADATA_ROWS_20260704.csv"
